queen_i=0, queen_j=0
['Q', 1, 1, 1]
[1, 1, 0, 0]
[1, 0, 1, 0]
[1, 0, 0, 1]
queen_i=1, queen_j=2
['Q', 1, 1, 1]
[1, 1, 'Q', 1]
[1, 1, 1, 1]
[1, 0, 1, 1]
queen_i=3, queen_j=1
['Q', 1, 1, 1]
[1, 1, 'Q', 1]
[1, 1, 1, 1]
[1, 'Q', 1, 1]
count=0

count=0

queen_i=1, queen_j=3
['Q', 1, 1, 1]
[1, 1, 1, 'Q']
[1, 0, 1, 1]
[1, 1, 0, 1]
queen_i=2, queen_j=1
['Q', 1, 1, 1]
[1, 1, 1, 'Q']
[1, 'Q', 1, 1]
[1, 1, 1, 1]
count=0

queen_i=3, queen_j=2
['Q', 1, 1, 1]
[1, 1, 1, 'Q']
[1, 1, 1, 1]
[1, 1, 'Q', 1]
count=0

count=0

queen_i=2, queen_j=1
['Q', 1, 1, 1]
[1, 1, 1, 0]
[1, 'Q', 1, 1]
[1, 1, 1, 1]
queen_i=1, queen_j=3
['Q', 1, 1, 1]
[1, 1, 1, 'Q']
[1, 'Q', 1, 1]
[1, 1, 1, 1]
count=0

count=0

queen_i=2, queen_j=3
['Q', 1, 1, 1]
[1, 1, 1, 1]
[1, 1, 1, 'Q']
[1, 0, 1, 1]
queen_i=3, queen_j=1
['Q', 1, 1, 1]
[1, 1, 1, 1]
[1, 1, 1, 'Q']
[1, 'Q', 1, 1]
count=0

count=0

queen_i=3, queen_j=1
['Q', 1, 1, 1]
[1, 1, 0, 1]
[1, 1, 1, 0]
[1, 'Q', 1, 1]
queen_i=1, queen_j=2
['Q', 1, 1, 1]
[1, 1, 'Q', 1]
[1, 1, 1, 1]
[1, 'Q', 1, 1]
count=0

queen_i=2, queen_j=3
['Q', 1, 1, 1]
[1, 1, 1, 1]
[1, 1, 1, 'Q']
[1, 'Q', 1, 1]
count=0

count=0

queen_i=3, queen_j=2
['Q', 1, 1, 1]
[1, 1, 1, 0]
[1, 1, 1, 1]
[1, 1, 'Q', 1]
queen_i=1, queen_j=3
['Q', 1, 1, 1]
[1, 1, 1, 'Q']
[1, 1, 1, 1]
[1, 1, 'Q', 1]
count=0

count=0

count=0

queen_i=0, queen_j=1
[1, 'Q', 1, 1]
[1, 1, 1, 0]
[0, 1, 0, 1]
[0, 1, 0, 0]
queen_i=1, queen_j=3
[1, 'Q', 1, 1]
[1, 1, 1, 'Q']
[0, 1, 1, 1]
[0, 1, 0, 1]
queen_i=2, queen_j=0
[1, 'Q', 1, 1]
[1, 1, 1, 'Q']
['Q', 1, 1, 1]
[1, 1, 0, 1]
queen_i=3, queen_j=2
[1, 'Q', 1, 1]
[1, 1, 1, 'Q']
['Q', 1, 1, 1]
[1, 1, 'Q', 1]
count=1

count=1

queen_i=3, queen_j=0
[1, 'Q', 1, 1]
[1, 1, 1, 'Q']
[1, 1, 1, 1]
['Q', 1, 1, 1]
count=0

queen_i=3, queen_j=2
[1, 'Q', 1, 1]
[1, 1, 1, 'Q']
[0, 1, 1, 1]
[1, 1, 'Q', 1]
count=0

count=1

queen_i=2, queen_j=0
[1, 'Q', 1, 1]
[1, 1, 1, 0]
['Q', 1, 1, 1]
[1, 1, 0, 0]
queen_i=1, queen_j=3
[1, 'Q', 1, 1]
[1, 1, 1, 'Q']
['Q', 1, 1, 1]
[1, 1, 0, 1]
queen_i=3, queen_j=2
[1, 'Q', 1, 1]
[1, 1, 1, 'Q']
['Q', 1, 1, 1]
[1, 1, 'Q', 1]
count=1

count=1

queen_i=3, queen_j=2
[1, 'Q', 1, 1]
[1, 1, 1, 0]
['Q', 1, 1, 1]
[1, 1, 'Q', 1]
queen_i=1, queen_j=3
[1, 'Q', 1, 1]
[1, 1, 1, 'Q']
['Q', 1, 1, 1]
[1, 1, 'Q', 1]
count=1

count=1

queen_i=3, queen_j=3
[1, 'Q', 1, 1]
[1, 1, 1, 1]
['Q', 1, 1, 1]
[1, 1, 1, 'Q']
count=0

count=2

queen_i=2, queen_j=2
[1, 'Q', 1, 1]
[1, 1, 1, 1]
[1, 1, 'Q', 1]
[0, 1, 1, 1]
queen_i=3, queen_j=0
[1, 'Q', 1, 1]
[1, 1, 1, 1]
[1, 1, 'Q', 1]
['Q', 1, 1, 1]
count=0

count=0

queen_i=3, queen_j=0
[1, 'Q', 1, 1]
[1, 1, 1, 0]
[1, 1, 0, 1]
['Q', 1, 1, 1]
queen_i=1, queen_j=3
[1, 'Q', 1, 1]
[1, 1, 1, 'Q']
[1, 1, 1, 1]
['Q', 1, 1, 1]
count=0

queen_i=2, queen_j=2
[1, 'Q', 1, 1]
[1, 1, 1, 1]
[1, 1, 'Q', 1]
['Q', 1, 1, 1]
count=0

count=0

queen_i=3, queen_j=2
[1, 'Q', 1, 1]
[1, 1, 1, 0]
[0, 1, 1, 1]
[1, 1, 'Q', 1]
queen_i=1, queen_j=3
[1, 'Q', 1, 1]
[1, 1, 1, 'Q']
[0, 1, 1, 1]
[1, 1, 'Q', 1]
queen_i=2, queen_j=0
[1, 'Q', 1, 1]
[1, 1, 1, 'Q']
['Q', 1, 1, 1]
[1, 1, 'Q', 1]
count=1

count=1

count=1

queen_i=3, queen_j=3
[1, 'Q', 1, 1]
[1, 1, 1, 1]
[0, 1, 1, 1]
[1, 1, 1, 'Q']
count=0

count=4

queen_i=0, queen_j=2
[1, 1, 'Q', 1]
[0, 1, 1, 1]
[1, 0, 1, 0]
[0, 0, 1, 0]
queen_i=1, queen_j=0
[1, 1, 'Q', 1]
['Q', 1, 1, 1]
[1, 1, 1, 0]
[1, 0, 1, 0]
queen_i=2, queen_j=3
[1, 1, 'Q', 1]
['Q', 1, 1, 1]
[1, 1, 1, 'Q']
[1, 0, 1, 1]
queen_i=3, queen_j=1
[1, 1, 'Q', 1]
['Q', 1, 1, 1]
[1, 1, 1, 'Q']
[1, 'Q', 1, 1]
count=1

count=1

queen_i=3, queen_j=1
[1, 1, 'Q', 1]
['Q', 1, 1, 1]
[1, 1, 1, 0]
[1, 'Q', 1, 1]
queen_i=2, queen_j=3
[1, 1, 'Q', 1]
['Q', 1, 1, 1]
[1, 1, 1, 'Q']
[1, 'Q', 1, 1]
count=1

count=1

queen_i=3, queen_j=3
[1, 1, 'Q', 1]
['Q', 1, 1, 1]
[1, 1, 1, 1]
[1, 1, 1, 'Q']
count=0

count=2

queen_i=2, queen_j=1
[1, 1, 'Q', 1]
[1, 1, 1, 1]
[1, 'Q', 1, 1]
[1, 1, 1, 0]
queen_i=3, queen_j=3
[1, 1, 'Q', 1]
[1, 1, 1, 1]
[1, 'Q', 1, 1]
[1, 1, 1, 'Q']
count=0

count=0

queen_i=2, queen_j=3
[1, 1, 'Q', 1]
[0, 1, 1, 1]
[1, 1, 1, 'Q']
[0, 0, 1, 1]
queen_i=3, queen_j=0
[1, 1, 'Q', 1]
[1, 1, 1, 1]
[1, 1, 1, 'Q']
['Q', 1, 1, 1]
count=0

queen_i=3, queen_j=1
[1, 1, 'Q', 1]
[0, 1, 1, 1]
[1, 1, 1, 'Q']
[1, 'Q', 1, 1]
count=0

count=0

queen_i=3, queen_j=0
[1, 1, 'Q', 1]
[1, 1, 1, 1]
[1, 1, 1, 0]
['Q', 1, 1, 1]
queen_i=2, queen_j=3
[1, 1, 'Q', 1]
[1, 1, 1, 1]
[1, 1, 1, 'Q']
['Q', 1, 1, 1]
count=0

count=0

queen_i=3, queen_j=1
[1, 1, 'Q', 1]
[0, 1, 1, 1]
[1, 1, 1, 0]
[1, 'Q', 1, 1]
queen_i=2, queen_j=3
[1, 1, 'Q', 1]
[0, 1, 1, 1]
[1, 1, 1, 'Q']
[1, 'Q', 1, 1]
count=0

count=0

queen_i=3, queen_j=3
[1, 1, 'Q', 1]
[0, 1, 1, 1]
[1, 0, 1, 1]
[1, 1, 1, 'Q']
count=0

count=2

queen_i=0, queen_j=3
[1, 1, 1, 'Q']
[0, 0, 1, 1]
[0, 1, 0, 1]
[1, 0, 0, 1]
queen_i=1, queen_j=0
[1, 1, 1, 'Q']
['Q', 1, 1, 1]
[1, 1, 0, 1]
[1, 0, 1, 1]
queen_i=2, queen_j=2
[1, 1, 1, 'Q']
['Q', 1, 1, 1]
[1, 1, 'Q', 1]
[1, 1, 1, 1]
count=0

queen_i=3, queen_j=1
[1, 1, 1, 'Q']
['Q', 1, 1, 1]
[1, 1, 1, 1]
[1, 'Q', 1, 1]
count=0

count=0

queen_i=1, queen_j=1
[1, 1, 1, 'Q']
[1, 'Q', 1, 1]
[1, 1, 1, 1]
[1, 1, 0, 1]
queen_i=3, queen_j=2
[1, 1, 1, 'Q']
[1, 'Q', 1, 1]
[1, 1, 1, 1]
[1, 1, 'Q', 1]
count=0

count=0

queen_i=2, queen_j=0
[1, 1, 1, 'Q']
[1, 1, 1, 1]
['Q', 1, 1, 1]
[1, 1, 0, 1]
queen_i=3, queen_j=2
[1, 1, 1, 'Q']
[1, 1, 1, 1]
['Q', 1, 1, 1]
[1, 1, 'Q', 1]
count=0

count=0

queen_i=2, queen_j=2
[1, 1, 1, 'Q']
[0, 1, 1, 1]
[1, 1, 'Q', 1]
[1, 1, 1, 1]
count=0

queen_i=3, queen_j=1
[1, 1, 1, 'Q']
[0, 1, 1, 1]
[1, 1, 1, 1]
[1, 'Q', 1, 1]
count=0

queen_i=3, queen_j=2
[1, 1, 1, 'Q']
[1, 0, 1, 1]
[0, 1, 1, 1]
[1, 1, 'Q', 1]
count=0

count=0

queen_i=1, queen_j=0
[1, 1, 0, 0]
['Q', 1, 1, 1]
[1, 1, 0, 0]
[1, 0, 1, 0]
queen_i=0, queen_j=2
[1, 1, 'Q', 1]
['Q', 1, 1, 1]
[1, 1, 1, 0]
[1, 0, 1, 0]
queen_i=2, queen_j=3
[1, 1, 'Q', 1]
['Q', 1, 1, 1]
[1, 1, 1, 'Q']
[1, 0, 1, 1]
queen_i=3, queen_j=1
[1, 1, 'Q', 1]
['Q', 1, 1, 1]
[1, 1, 1, 'Q']
[1, 'Q', 1, 1]
count=1

count=1

queen_i=3, queen_j=1
[1, 1, 'Q', 1]
['Q', 1, 1, 1]
[1, 1, 1, 0]
[1, 'Q', 1, 1]
queen_i=2, queen_j=3
[1, 1, 'Q', 1]
['Q', 1, 1, 1]
[1, 1, 1, 'Q']
[1, 'Q', 1, 1]
count=1

count=1

queen_i=3, queen_j=3
[1, 1, 'Q', 1]
['Q', 1, 1, 1]
[1, 1, 1, 1]
[1, 1, 1, 'Q']
count=0

count=2

queen_i=0, queen_j=3
[1, 1, 1, 'Q']
['Q', 1, 1, 1]
[1, 1, 0, 1]
[1, 0, 1, 1]
queen_i=2, queen_j=2
[1, 1, 1, 'Q']
['Q', 1, 1, 1]
[1, 1, 'Q', 1]
[1, 1, 1, 1]
count=0

queen_i=3, queen_j=1
[1, 1, 1, 'Q']
['Q', 1, 1, 1]
[1, 1, 1, 1]
[1, 'Q', 1, 1]
count=0

count=0

queen_i=2, queen_j=2
[1, 1, 1, 0]
['Q', 1, 1, 1]
[1, 1, 'Q', 1]
[1, 1, 1, 1]
queen_i=0, queen_j=3
[1, 1, 1, 'Q']
['Q', 1, 1, 1]
[1, 1, 'Q', 1]
[1, 1, 1, 1]
count=0

count=0

queen_i=2, queen_j=3
[1, 1, 0, 1]
['Q', 1, 1, 1]
[1, 1, 1, 'Q']
[1, 0, 1, 1]
queen_i=3, queen_j=1
[1, 1, 0, 1]
['Q', 1, 1, 1]
[1, 1, 1, 'Q']
[1, 'Q', 1, 1]
queen_i=0, queen_j=2
[1, 1, 'Q', 1]
['Q', 1, 1, 1]
[1, 1, 1, 'Q']
[1, 'Q', 1, 1]
count=1

count=1

count=1

queen_i=3, queen_j=1
[1, 1, 0, 0]
['Q', 1, 1, 1]
[1, 1, 1, 0]
[1, 'Q', 1, 1]
queen_i=0, queen_j=2
[1, 1, 'Q', 1]
['Q', 1, 1, 1]
[1, 1, 1, 0]
[1, 'Q', 1, 1]
queen_i=2, queen_j=3
[1, 1, 'Q', 1]
['Q', 1, 1, 1]
[1, 1, 1, 'Q']
[1, 'Q', 1, 1]
count=1

count=1

queen_i=0, queen_j=3
[1, 1, 1, 'Q']
['Q', 1, 1, 1]
[1, 1, 1, 1]
[1, 'Q', 1, 1]
count=0

queen_i=2, queen_j=3
[1, 1, 0, 1]
['Q', 1, 1, 1]
[1, 1, 1, 'Q']
[1, 'Q', 1, 1]
count=0

count=1

queen_i=3, queen_j=3
[1, 1, 0, 1]
['Q', 1, 1, 1]
[1, 1, 1, 1]
[1, 1, 1, 'Q']
count=0

count=4

queen_i=1, queen_j=1
[1, 1, 1, 0]
[1, 'Q', 1, 1]
[1, 1, 1, 0]
[0, 1, 0, 1]
queen_i=0, queen_j=3
[1, 1, 1, 'Q']
[1, 'Q', 1, 1]
[1, 1, 1, 1]
[1, 1, 0, 1]
queen_i=3, queen_j=2
[1, 1, 1, 'Q']
[1, 'Q', 1, 1]
[1, 1, 1, 1]
[1, 1, 'Q', 1]
count=0

count=0

queen_i=2, queen_j=3
[1, 1, 1, 1]
[1, 'Q', 1, 1]
[1, 1, 1, 'Q']
[0, 1, 1, 1]
queen_i=3, queen_j=0
[1, 1, 1, 1]
[1, 'Q', 1, 1]
[1, 1, 1, 'Q']
['Q', 1, 1, 1]
count=0

count=0

queen_i=3, queen_j=0
[1, 1, 1, 1]
[1, 'Q', 1, 1]
[1, 1, 1, 0]
['Q', 1, 1, 1]
queen_i=2, queen_j=3
[1, 1, 1, 1]
[1, 'Q', 1, 1]
[1, 1, 1, 'Q']
['Q', 1, 1, 1]
count=0

count=0

queen_i=3, queen_j=2
[1, 1, 1, 0]
[1, 'Q', 1, 1]
[1, 1, 1, 1]
[1, 1, 'Q', 1]
queen_i=0, queen_j=3
[1, 1, 1, 'Q']
[1, 'Q', 1, 1]
[1, 1, 1, 1]
[1, 1, 'Q', 1]
count=0

count=0

count=0

queen_i=1, queen_j=2
[0, 1, 1, 1]
[1, 1, 'Q', 1]
[0, 1, 1, 1]
[1, 0, 1, 0]
queen_i=2, queen_j=0
[1, 1, 1, 1]
[1, 1, 'Q', 1]
['Q', 1, 1, 1]
[1, 1, 1, 0]
queen_i=3, queen_j=3
[1, 1, 1, 1]
[1, 1, 'Q', 1]
['Q', 1, 1, 1]
[1, 1, 1, 'Q']
count=0

count=0

queen_i=3, queen_j=1
[0, 1, 1, 1]
[1, 1, 'Q', 1]
[1, 1, 1, 1]
[1, 'Q', 1, 1]
count=0

queen_i=3, queen_j=3
[1, 1, 1, 1]
[1, 1, 'Q', 1]
[0, 1, 1, 1]
[1, 1, 1, 'Q']
count=0

count=0

queen_i=1, queen_j=3
[0, 0, 1, 1]
[1, 1, 1, 'Q']
[0, 0, 1, 1]
[0, 1, 0, 1]
queen_i=2, queen_j=0
[1, 0, 1, 1]
[1, 1, 1, 'Q']
['Q', 1, 1, 1]
[1, 1, 0, 1]
queen_i=0, queen_j=1
[1, 'Q', 1, 1]
[1, 1, 1, 'Q']
['Q', 1, 1, 1]
[1, 1, 0, 1]
queen_i=3, queen_j=2
[1, 'Q', 1, 1]
[1, 1, 1, 'Q']
['Q', 1, 1, 1]
[1, 1, 'Q', 1]
count=1

count=1

queen_i=3, queen_j=2
[1, 0, 1, 1]
[1, 1, 1, 'Q']
['Q', 1, 1, 1]
[1, 1, 'Q', 1]
count=0

count=1

queen_i=2, queen_j=1
[0, 1, 1, 1]
[1, 1, 1, 'Q']
[1, 'Q', 1, 1]
[1, 1, 1, 1]
count=0

queen_i=3, queen_j=0
[1, 0, 1, 1]
[1, 1, 1, 'Q']
[1, 1, 1, 1]
['Q', 1, 1, 1]
queen_i=0, queen_j=1
[1, 'Q', 1, 1]
[1, 1, 1, 'Q']
[1, 1, 1, 1]
['Q', 1, 1, 1]
count=0

count=0

queen_i=3, queen_j=2
[0, 0, 1, 1]
[1, 1, 1, 'Q']
[0, 1, 1, 1]
[1, 1, 'Q', 1]
count=0

count=1

queen_i=2, queen_j=0
[1, 0, 1, 0]
[1, 1, 0, 0]
['Q', 1, 1, 1]
[1, 1, 0, 0]
queen_i=0, queen_j=1
[1, 'Q', 1, 1]
[1, 1, 1, 0]
['Q', 1, 1, 1]
[1, 1, 0, 0]
queen_i=1, queen_j=3
[1, 'Q', 1, 1]
[1, 1, 1, 'Q']
['Q', 1, 1, 1]
[1, 1, 0, 1]
queen_i=3, queen_j=2
[1, 'Q', 1, 1]
[1, 1, 1, 'Q']
['Q', 1, 1, 1]
[1, 1, 'Q', 1]
count=1

count=1

queen_i=3, queen_j=2
[1, 'Q', 1, 1]
[1, 1, 1, 0]
['Q', 1, 1, 1]
[1, 1, 'Q', 1]
queen_i=1, queen_j=3
[1, 'Q', 1, 1]
[1, 1, 1, 'Q']
['Q', 1, 1, 1]
[1, 1, 'Q', 1]
count=1

count=1

queen_i=3, queen_j=3
[1, 'Q', 1, 1]
[1, 1, 1, 1]
['Q', 1, 1, 1]
[1, 1, 1, 'Q']
count=0

count=2

queen_i=0, queen_j=3
[1, 1, 1, 'Q']
[1, 1, 1, 1]
['Q', 1, 1, 1]
[1, 1, 0, 1]
queen_i=3, queen_j=2
[1, 1, 1, 'Q']
[1, 1, 1, 1]
['Q', 1, 1, 1]
[1, 1, 'Q', 1]
count=0

count=0

queen_i=1, queen_j=2
[1, 1, 1, 1]
[1, 1, 'Q', 1]
['Q', 1, 1, 1]
[1, 1, 1, 0]
queen_i=3, queen_j=3
[1, 1, 1, 1]
[1, 1, 'Q', 1]
['Q', 1, 1, 1]
[1, 1, 1, 'Q']
count=0

count=0

queen_i=1, queen_j=3
[1, 0, 1, 1]
[1, 1, 1, 'Q']
['Q', 1, 1, 1]
[1, 1, 0, 1]
queen_i=3, queen_j=2
[1, 0, 1, 1]
[1, 1, 1, 'Q']
['Q', 1, 1, 1]
[1, 1, 'Q', 1]
count=0

count=0

queen_i=3, queen_j=2
[1, 0, 1, 0]
[1, 1, 1, 0]
['Q', 1, 1, 1]
[1, 1, 'Q', 1]
queen_i=0, queen_j=3
[1, 1, 1, 'Q']
[1, 1, 1, 1]
['Q', 1, 1, 1]
[1, 1, 'Q', 1]
count=0

queen_i=1, queen_j=3
[1, 0, 1, 1]
[1, 1, 1, 'Q']
['Q', 1, 1, 1]
[1, 1, 'Q', 1]
count=0

count=0

queen_i=3, queen_j=3
[1, 0, 1, 1]
[1, 1, 0, 1]
['Q', 1, 1, 1]
[1, 1, 1, 'Q']
count=0

count=2

queen_i=2, queen_j=1
[0, 1, 0, 1]
[1, 1, 1, 0]
[1, 'Q', 1, 1]
[1, 1, 1, 0]
queen_i=0, queen_j=2
[1, 1, 'Q', 1]
[1, 1, 1, 1]
[1, 'Q', 1, 1]
[1, 1, 1, 0]
queen_i=3, queen_j=3
[1, 1, 'Q', 1]
[1, 1, 1, 1]
[1, 'Q', 1, 1]
[1, 1, 1, 'Q']
count=0

count=0

queen_i=1, queen_j=3
[0, 1, 1, 1]
[1, 1, 1, 'Q']
[1, 'Q', 1, 1]
[1, 1, 1, 1]
count=0

queen_i=3, queen_j=3
[1, 1, 0, 1]
[1, 1, 1, 1]
[1, 'Q', 1, 1]
[1, 1, 1, 'Q']
count=0

count=0

queen_i=2, queen_j=2
[1, 0, 1, 0]
[0, 1, 1, 1]
[1, 1, 'Q', 1]
[0, 1, 1, 1]
queen_i=0, queen_j=3
[1, 1, 1, 'Q']
[0, 1, 1, 1]
[1, 1, 'Q', 1]
[1, 1, 1, 1]
queen_i=1, queen_j=0
[1, 1, 1, 'Q']
['Q', 1, 1, 1]
[1, 1, 'Q', 1]
[1, 1, 1, 1]
count=0

count=0

queen_i=3, queen_j=0
[1, 0, 1, 1]
[1, 1, 1, 1]
[1, 1, 'Q', 1]
['Q', 1, 1, 1]
queen_i=0, queen_j=1
[1, 'Q', 1, 1]
[1, 1, 1, 1]
[1, 1, 'Q', 1]
['Q', 1, 1, 1]
count=0

count=0

count=0

queen_i=2, queen_j=3
[0, 1, 0, 1]
[0, 0, 1, 1]
[1, 1, 1, 'Q']
[0, 0, 1, 1]
queen_i=3, queen_j=0
[1, 1, 0, 1]
[1, 0, 1, 1]
[1, 1, 1, 'Q']
['Q', 1, 1, 1]
queen_i=0, queen_j=2
[1, 1, 'Q', 1]
[1, 1, 1, 1]
[1, 1, 1, 'Q']
['Q', 1, 1, 1]
count=0

queen_i=1, queen_j=1
[1, 1, 1, 1]
[1, 'Q', 1, 1]
[1, 1, 1, 'Q']
['Q', 1, 1, 1]
count=0

count=0

queen_i=3, queen_j=1
[0, 1, 0, 1]
[0, 1, 1, 1]
[1, 1, 1, 'Q']
[1, 'Q', 1, 1]
queen_i=0, queen_j=2
[1, 1, 'Q', 1]
[0, 1, 1, 1]
[1, 1, 1, 'Q']
[1, 'Q', 1, 1]
queen_i=1, queen_j=0
[1, 1, 'Q', 1]
['Q', 1, 1, 1]
[1, 1, 1, 'Q']
[1, 'Q', 1, 1]
count=1

count=1

count=1

count=1

queen_i=3, queen_j=0
[1, 0, 0, 1]
[1, 0, 1, 0]
[1, 1, 0, 0]
['Q', 1, 1, 1]
queen_i=0, queen_j=1
[1, 'Q', 1, 1]
[1, 1, 1, 0]
[1, 1, 0, 1]
['Q', 1, 1, 1]
queen_i=1, queen_j=3
[1, 'Q', 1, 1]
[1, 1, 1, 'Q']
[1, 1, 1, 1]
['Q', 1, 1, 1]
count=0

queen_i=2, queen_j=2
[1, 'Q', 1, 1]
[1, 1, 1, 1]
[1, 1, 'Q', 1]
['Q', 1, 1, 1]
count=0

count=0

queen_i=0, queen_j=2
[1, 1, 'Q', 1]
[1, 1, 1, 1]
[1, 1, 1, 0]
['Q', 1, 1, 1]
queen_i=2, queen_j=3
[1, 1, 'Q', 1]
[1, 1, 1, 1]
[1, 1, 1, 'Q']
['Q', 1, 1, 1]
count=0

count=0

queen_i=1, queen_j=1
[1, 1, 1, 1]
[1, 'Q', 1, 1]
[1, 1, 1, 0]
['Q', 1, 1, 1]
queen_i=2, queen_j=3
[1, 1, 1, 1]
[1, 'Q', 1, 1]
[1, 1, 1, 'Q']
['Q', 1, 1, 1]
count=0

count=0

queen_i=1, queen_j=3
[1, 0, 1, 1]
[1, 1, 1, 'Q']
[1, 1, 1, 1]
['Q', 1, 1, 1]
count=0

queen_i=2, queen_j=2
[1, 0, 1, 1]
[1, 1, 1, 1]
[1, 1, 'Q', 1]
['Q', 1, 1, 1]
count=0

queen_i=2, queen_j=3
[1, 1, 0, 1]
[1, 0, 1, 1]
[1, 1, 1, 'Q']
['Q', 1, 1, 1]
count=0

count=0

queen_i=3, queen_j=1
[0, 1, 0, 0]
[0, 1, 0, 1]
[1, 1, 1, 0]
[1, 'Q', 1, 1]
queen_i=0, queen_j=2
[1, 1, 'Q', 1]
[0, 1, 1, 1]
[1, 1, 1, 0]
[1, 'Q', 1, 1]
queen_i=1, queen_j=0
[1, 1, 'Q', 1]
['Q', 1, 1, 1]
[1, 1, 1, 0]
[1, 'Q', 1, 1]
queen_i=2, queen_j=3
[1, 1, 'Q', 1]
['Q', 1, 1, 1]
[1, 1, 1, 'Q']
[1, 'Q', 1, 1]
count=1

count=1

queen_i=2, queen_j=3
[1, 1, 'Q', 1]
[0, 1, 1, 1]
[1, 1, 1, 'Q']
[1, 'Q', 1, 1]
count=0

count=1

queen_i=0, queen_j=3
[1, 1, 1, 'Q']
[0, 1, 1, 1]
[1, 1, 1, 1]
[1, 'Q', 1, 1]
queen_i=1, queen_j=0
[1, 1, 1, 'Q']
['Q', 1, 1, 1]
[1, 1, 1, 1]
[1, 'Q', 1, 1]
count=0

count=0

queen_i=1, queen_j=2
[0, 1, 1, 1]
[1, 1, 'Q', 1]
[1, 1, 1, 1]
[1, 'Q', 1, 1]
count=0

queen_i=2, queen_j=3
[0, 1, 0, 1]
[0, 1, 1, 1]
[1, 1, 1, 'Q']
[1, 'Q', 1, 1]
count=0

count=1

queen_i=3, queen_j=2
[0, 0, 1, 0]
[1, 0, 1, 0]
[0, 1, 1, 1]
[1, 1, 'Q', 1]
queen_i=0, queen_j=3
[1, 1, 1, 'Q']
[1, 0, 1, 1]
[0, 1, 1, 1]
[1, 1, 'Q', 1]
queen_i=1, queen_j=1
[1, 1, 1, 'Q']
[1, 'Q', 1, 1]
[1, 1, 1, 1]
[1, 1, 'Q', 1]
count=0

queen_i=2, queen_j=0
[1, 1, 1, 'Q']
[1, 1, 1, 1]
['Q', 1, 1, 1]
[1, 1, 'Q', 1]
count=0

count=0

queen_i=1, queen_j=3
[0, 0, 1, 1]
[1, 1, 1, 'Q']
[0, 1, 1, 1]
[1, 1, 'Q', 1]
queen_i=2, queen_j=0
[1, 0, 1, 1]
[1, 1, 1, 'Q']
['Q', 1, 1, 1]
[1, 1, 'Q', 1]
queen_i=0, queen_j=1
[1, 'Q', 1, 1]
[1, 1, 1, 'Q']
['Q', 1, 1, 1]
[1, 1, 'Q', 1]
count=1

count=1

count=1

count=1

queen_i=3, queen_j=3
[1, 0, 0, 1]
[0, 1, 0, 1]
[0, 0, 1, 1]
[1, 1, 1, 'Q']
count=0

16
